4 0.071875 0.8125 0.0953125 0.37421875
4 0.02421875 0.94140625 0.040625 0.11640625
4 0.08046875 0.8984375 0.046875 0.203125
4 0.14453125 0.84765625 0.075 0.303125
4 0.20703125 0.78125 0.125 0.4375
4 0.3203125 0.7953125 0.12265625 0.409375
4 0.49765625 0.62734375 0.26796875 0.7015625
4 0.421875 0.7140625 0.1203125 0.5328125
4 0.62109375 0.72265625 0.159375 0.5546875
4 0.74375 0.72734375 0.0890625 0.51328125
4 0.85234375 0.51171875 0.071875 0.56953125
4 0.9296875 0.6203125 0.140625 0.20390625
4 0.85390625 0.96640625 0.075 0.0671875
4 0.74453125 0.38828125 0.05625 0.334375
4 0.76796875 0.27421875 0.128125 0.3890625
4 0.8828125 0.2765625 0.0421875 0.265625
4 0.96484375 0.28515625 0.02734375 0.3078125
4 0.809375 0.12265625 0.0953125 0.225
4 0.90078125 0.096875 0.0375 0.11875
4 0.93359375 0.18125 0.053125 0.13671875
4 0.965625 0.0421875 0.0578125 0.05546875