2 0.865625 0.709375 0.11875 0.3109375
2 0.70859375 0.8 0.12265625 0.29140625
2 0.778125 0.353125 0.18125 0.21640625
2 0.71875 0.50625 0.1359375 0.1578125
2 0.571875 0.76328125 0.10234375 0.35625
2 0.60390625 0.5140625 0.13828125 0.24140625
2 0.55625 0.04921875 0.11796875 0.0921875
2 0.265625 0.478125 0.1125 0.2875
2 0.41328125 0.57734375 0.07421875 0.3328125
2 0.35078125 0.52734375 0.08515625 0.30859375
2 0.38125 0.25390625 0.1328125 0.215625
2 0.61171875 0.35546875 0.1015625 0.17578125
2 0.60859375 0.2765625 0.06640625 0.10078125
2 0.54140625 0.13515625 0.13984375 0.13046875
2 0.39140625 0.10625 0.13828125 0.178125
2 0.1265625 0.1390625 0.08125 0.1796875
2 0.26171875 0.1015625 0.16328125 0.14609375
2 0.18203125 0.35390625 0.0609375 0.2453125
2 0.3328125 0.7015625 0.196875 0.2375
2 0.48203125 0.44765625 0.11796875 0.27109375