2 0.2515625 0.2453125 0.2375 0.1703125
2 0.74609375 0.240625 0.2640625 0.1796875
2 0.49921875 0.06875 0.3203125 0.09375
2 0.94921875 0.07109375 0.0796875 0.078125
2 0.92890625 0.5046875 0.1265625 0.140625
2 0.53046875 0.47578125 0.28359375 0.140625
2 0.7234375 0.7078125 0.18984375 0.18359375
2 0.271875 0.68984375 0.24453125 0.1234375
2 0.5109375 0.9171875 0.25625 0.11796875
2 0.0921875 0.91796875 0.184375 0.11484375
2 0.06484375 0.4390625 0.1296875 0.1421875
2 0.08828125 0.0328125 0.1765625 0.05078125