2 0.11015625 0.86953125 0.196875 0.125
2 0.11796875 0.73125 0.16640625 0.13125
2 0.12578125 0.62578125 0.20703125 0.1328125
2 0.115625 0.5015625 0.225 0.13515625
2 0.8921875 0.5375 0.215625 0.1171875
2 0.9015625 0.6578125 0.196875 0.109375
2 0.91171875 0.76875 0.1765625 0.09765625
2 0.90390625 0.8890625 0.1828125 0.11875
2 0.68359375 0.90625 0.14453125 0.08515625
2 0.69375 0.82265625 0.18359375 0.10546875
2 0.70703125 0.753125 0.19765625 0.07890625
2 0.69296875 0.66796875 0.19140625 0.09609375
2 0.29140625 0.87734375 0.20078125 0.11171875
2 0.29609375 0.7859375 0.2015625 0.0828125
2 0.2921875 0.71015625 0.196875 0.1046875
2 0.370624971875 0.6864864890625 0.4120456953125 0.6158685796875 0.23457510468749998 0.507697403125 0.2070797078125 0.592570275 0.370624971875 0.6864864890625
2 0.465786715625 0.582585140625 0.3308091828125 0.39120536875 0.265937471875 0.44740125 0.25332199218749996 0.44445881875 0.40579673281249995 0.6308460890625 0.465786715625 0.582585140625
2 0.4495394703125 0.344608503125 0.384687471875 0.37255717499999996 0.43954109218750004 0.590906 0.5095294515625 0.5626150640625001 0.4495394703125 0.344608503125
2 0.48468747187499994 0.322661125 0.490782565625 0.5775925734375 0.5407742640625 0.5692717125 0.54952286875 0.29135505156249997 0.48468747187499994 0.322661125
2 0.5720190765625001 0.35625771875 0.527026565625 0.5775925734375 0.6032638890625 0.5842494140625 0.6620040984375 0.3728994390625 0.5720190765625001 0.35625771875
2 0.7657369125 0.49937654218749994 0.7394913843750001 0.45610803593749993 0.5532721890625 0.5676076937500001 0.610762625 0.6641295281249999 0.7657369125 0.49937654218749994
2 0.1083460828125 0.2148031046875 0.051874971874999995 0.29147609375 0.20832948125 0.47940646718749996 0.2908157671875 0.37622779375 0.1083460828125 0.2148031046875
2 0.22082740625000002 0.1016394265625 0.161249971875 0.1625779640625 0.3008141453125 0.3662427875 0.3458066546875 0.317981778125 0.22082740625000002 0.1016394265625
2 0.278437471875 0.07941788125 0.3670530890625 0.3213101328125 0.409546053125 0.28802669375 0.37955101406249997 0.0583710125 0.278437471875 0.07941788125
2 0.47703486718750004 0.0384009046875 0.384687471875 0.0399168421875 0.4207942046875 0.293019196875 0.490782565625 0.2680566203125 0.47703486718750004 0.0384009046875
2 0.5132788671874999 0.0284158671875 0.5070299046875 0.0284158671875 0.49453198125000003 0.26639247187500004 0.5595211515625 0.26139990625 0.5945153796875 0.078341025 0.5132788671874999 0.0284158671875
2 0.6157618140625 0.013438325000000001 0.5820174546875 0.1948330609375 0.560770925 0.26972076562499997 0.635758475 0.2946833453125 0.706996703125 0.0067816109375 0.6157618140625 0.013438325000000001
2 0.7096874718749999 0.11060291250000001 0.6457569484375 0.2946833453125 0.7219941750000001 0.341280209375 0.806980103125 0.181519665625 0.7096874718749999 0.11060291250000001
2 0.720624971875 0.3434511453125 0.788233215625 0.401190375 0.8919660296874999 0.25474325625 0.8232274437499999 0.1848480234375 0.720624971875 0.3434511453125
2 0.7532389875 0.396197871875 0.8007311406250001 0.48606318125000003 0.9557053328125 0.4061828765625 0.8982149921874999 0.2980117 0.7532389875 0.396197871875